/lidar_points/front: {
  x : 0.3085,
  y : -0.01,
  z : 1.47706366,
  roll : -0.008704,
  pitch : 0.113270693,
  yaw : -0.04499
}

/lidar_points/left: {
  x : 0.31,
  y : -0.02,
  z : 1.43235302,
  roll : -0.0566349179,
  pitch : -0.00957309362,
  yaw : -0.08500
}

/lidar_points/right: {
  x : 0.20349,
  y : 0.004000,
  z : 1.4097,
  roll : 0.04825,
  pitch : -0.0100156,
  yaw : -0.0700
}

/lidar_points/top: {
  x : 0.2885,
  y : 0.0,
  z : 1.4,
  roll : 0.008,
  pitch : 0.003,
  yaw : -1.562
}

